name,mjd,freq,bw,tobs,dt,df,betaeta,betaetaerr
a070121_033411.rf.pcm.dynspec,54121.14918978477,1432.75,231.0,2999.98,60.0,0.5,12471.760712937546,8141.486851459074
m2004-05-19-10.rf.pcm.dynspec,53144.43470109171,1405.25,50.5,1940.94,17.0,0.5,2452.705941675306,1322.7033353168713
m2004-11-08-03.rf.pcm.dynspec,53317.13584684491,1404.75,49.5,3066.72,17.0,0.5,3612.326990363346,1039.3163271858382
m2006-11-03-21.rf.pcm.dynspec,54042.88059697452,1340.75,49.5,3848.02,8.0,0.50001,6277.261630638825,4805.129751183365
m2010-06-18-07.rf.pcm.dynspec,55365.328570972335,1340.0,46.0,3881.36,67.0,0.5,2924.5414045516386,481.6012623476427
a050627_084205.rf.pcm.dynspec,53548.363078932234,1413.5,192.5,3669.98,60.0,0.5,1006.4756147456632,88.33156844916924
a050627_161611.rf.pcm.dynspec,53548.67847256657,1413.5,192.5,2759.98,60.0,0.5,809.414314197504,57.581678969012486
a050627_171711.rf.pcm.dynspec,53548.720833386076,1413.5,192.5,2520.01,60.0,0.5,1218.2020806944288,368.68643447954395
a050828_050733.rf.pcm.dynspec,53610.21412050418,1413.5,192.5,3840.0,60.0,0.5,3724.851247112766,709.2293291796827
a051003_015433.rf.pcm.dynspec,53646.080092875934,1413.5,192.5,3839.99,60.0,0.5,4994.850115091316,2497.5453033574217
a051113_233623.rf.pcm.dynspec,53687.984143859176,1368.75,231.0,3659.98,60.0,0.5,1997.2986045047908,159.06833506545257
a051129_193252.rf.pcm.dynspec,53703.81504623948,1368.75,231.0,3839.99,60.0,0.5,20212.96585529514,5534.382326541411
a051220_192253.rf.pcm.dynspec,53724.80821768593,1368.75,231.0,3839.98,60.0,0.5,6989.140009522404,2656.531033035347
a060102_173603.rf.pcm.dynspec,53737.73391215643,1368.75,231.0,3659.98,60.0,0.5,2098.0470920409266,411.35193514773715
a060104_171523.rf.pcm.dynspec,53739.71956013748,1368.75,231.0,3840.0,60.0,0.5,3586.3221676058156,560.9735122446757
a060302_143843.rf.pcm.dynspec,53796.61076398513,1368.75,231.0,3839.99,60.0,0.5,6172.173739403782,2802.2484415124527
a060305_150114.rf.pcm.dynspec,53799.62638892407,1368.75,231.0,3839.99,60.0,0.5,13375.07938641692,4436.715382338804
a060407_152453.rf.pcm.dynspec,53832.64282406578,1368.75,231.0,3839.99,60.0,0.5,7231.297546950257,3326.321586295338
a060421_211353.rf.pcm.dynspec,53846.88518521167,1368.75,231.0,3839.99,60.0,0.5,7332.1331577955025,2237.7062660083475
a060511_090033.rf.pcm.dynspec,53866.37592597587,1368.75,231.0,1380.0,60.0,0.5,6437.168711050538,839.5841925004934
a060527_085713.rf.pcm.dynspec,53882.373611123374,1368.75,231.0,3839.99,60.0,0.5,16342.186102408727,6210.788949408517
a060614_094953.rf.pcm.dynspec,53900.41018512878,1368.75,231.0,3659.99,60.0,0.5,10791.004525714501,3179.0123322502477
a060616_175053.rf.pcm.dynspec,53902.74421298562,1368.75,231.0,2699.99,60.0,0.5,947.3803327833382,168.71146218889285
a060701_052213.rf.pcm.dynspec,53917.22430560387,1368.75,231.0,3839.99,60.0,0.5,18365.48564944347,6399.069345144529
a060701_062805.rf.pcm.dynspec,53917.27002322123,1368.75,231.0,3779.99,60.0,0.5,17120.435671677766,6005.3971653854815
a060716_153850.rf.pcm.dynspec,53932.65243056482,1368.75,231.0,3659.99,60.0,0.5,12271.283338750747,7366.812337528089
a061019_033819.rf.pcm.dynspec,54027.15208338192,1368.75,231.0,3839.99,60.0,0.5,5742.802345334232,1690.122637968927
a061020_005500.rf.pcm.dynspec,54028.038657523175,1368.75,231.0,3839.98,60.0,0.5,6590.611887046701,3116.829365280953
a061102_213009.rf.pcm.dynspec,54041.89641208983,1368.75,231.0,1799.98,60.0,0.5,3324.801774802927,969.3458123580009
a061103_210749.rf.pcm.dynspec,54042.880902890036,1368.75,231.0,3839.98,60.0,0.5,5150.634603458422,1054.760173225763
a061126_200829.rf.pcm.dynspec,54065.839699154836,1368.75,231.0,3839.99,60.0,0.5,5550.387673728588,1195.877606510406
a061217_055651.rf.pcm.dynspec,54086.248263986934,1432.75,231.0,2699.99,60.0,0.5,7658.758153228027,2719.119691448761
a061217_210439.rf.pcm.dynspec,54086.878703674374,1432.75,231.0,3839.99,60.0,0.5,4560.640386467983,3564.8342657330118
a070101_050139.rf.pcm.dynspec,54101.209953805876,1432.75,231.0,2459.99,60.0,0.5,3608.448324115565,777.2785495146945
a070121_165621.rf.pcm.dynspec,54121.706249962175,1432.75,231.0,1439.99,60.0,0.5,1927.0294113910547,55.031051867491776
a070205_173649.rf.pcm.dynspec,54136.73437509263,1432.75,231.0,3839.99,60.0,0.5,3842.4172256193347,2733.594919447004
a070217_014711.rf.pcm.dynspec,54148.074884225876,1432.75,231.0,2999.99,60.0,0.5,5063.1534864548175,2711.595024359232
a070307_134311.rf.pcm.dynspec,54166.57210651507,1432.75,231.0,3839.99,60.0,0.5,10616.765266604936,4451.996735267019
a070310_132751.rf.pcm.dynspec,54169.561458279975,1432.75,231.0,3839.98,60.0,0.5,13554.8114667441,5482.770429774
a070326_133139.rf.pcm.dynspec,54185.564120472234,1432.75,231.0,3839.99,60.0,0.5,8659.450266410144,2516.4300644157424
a070604_182627.rf.pcm.dynspec,54255.768865782535,1368.75,231.0,3839.99,60.0,0.5,1621.1399537208338,212.35088323517965
a071202_201110.rf.pcm.dynspec,54436.84149310877,1368.75,231.0,3800.0,50.0,0.5,10583.314349190523,2406.180348937831
a071217_184452.rf.pcm.dynspec,54451.78165511106,1368.75,231.0,3799.99,50.0,0.5,1915.7796618738948,192.20021448129896
m2002-12-14-06.rf.pcm.dynspec,52622.261335397634,1405.25,50.0,1992.85,17.0,0.5,3460.499455293747,1086.8126297290164
m2002-12-14-06.rf.pcm.dynspec,52622.261335397634,1405.25,50.0,1992.85,17.0,0.5,3460.499455293747,1086.8126297290164
m2003-10-08-00.rf.pcm.dynspec,52920.04059223891,1404.75,49.5,3616.23,17.0,0.5,9037.075319522231,3745.976917996092
m2004-03-06-13.rf.pcm.dynspec,53070.58225938573,1405.5,51.0,1973.31,17.0,0.5,1177.8318783939683,108.31412826509163
m2004-04-12-17.rf.pcm.dynspec,53107.71629151813,1405.5,51.0,3704.0,39.0,0.5,21131.45140006508,14388.790337615828
m2004-06-10-09.rf.pcm.dynspec,53166.40486556583,1405.5,51.0,1940.2,17.0,0.5,3728.4234180465883,2142.373445235095
m2004-06-12-09.rf.pcm.dynspec,53168.39099725771,1405.5,51.0,1938.92,17.0,0.5,1270.7201966313112,286.1701656107049
m2004-06-25-12.rf.pcm.dynspec,53181.51108074534,1405.0,50.0,3858.01,17.0,0.5,8022.921344551901,2719.4143153396853
m2004-08-10-04.rf.pcm.dynspec,53227.19848575321,1405.5,51.0,2780.19,17.0,0.5,4418.005243866706,1137.7438351327753
m2004-08-31-09.rf.pcm.dynspec,53248.38869402041,1405.5,51.0,3854.73,17.0,0.5,4807.105388351814,1141.8832794904263
m2004-09-11-09.rf.pcm.dynspec,53259.38419176281,1404.75,49.5,3854.19,17.0,0.5,6878.906184866535,9076.701634576955
m2004-09-24-02.rf.pcm.dynspec,53272.092895918235,1404.75,49.5,3866.07,17.0,0.5,7802.252779515067,2719.4143153396853
m2004-09-26-00.rf.pcm.dynspec,53274.01869466983,1404.75,49.5,3853.21,17.0,0.5,10033.742514486581,4496.471634552665
m2004-11-06-00.rf.pcm.dynspec,53315.02136766051,1404.75,49.5,3835.4,17.0,0.5,7519.348160407831,3463.026830793292
m2004-12-01-20.rf.pcm.dynspec,53340.84521024671,1404.75,49.5,3858.21,17.0,0.5,3436.634289152386,800.1727328063367
m2005-02-17-14.rf.pcm.dynspec,53418.60713151331,1404.75,49.5,2851.57,17.0,0.5,7857.583636561849,5167.839474170285
m2005-03-23-12.rf.pcm.dynspec,53452.53517550431,1404.75,49.5,1559.72,17.0,0.5,5063.64605871326,2761.815166322251
m2005-03-23-13.rf.pcm.dynspec,53452.55828901991,1404.75,49.5,1860.01,17.0,0.5,1966.6866467608927,703.6542446205833
m2005-05-10-18.rf.pcm.dynspec,53500.75586999051,1404.75,49.5,3857.74,17.0,0.5,10388.005109703845,4200.643031381242
m2005-05-26-13.rf.pcm.dynspec,53516.54753667691,1404.75,49.5,3857.8,17.0,0.5,678.4401501700867,188.77614649945897
m2005-06-27-08.rf.pcm.dynspec,53548.36271032311,1404.75,49.5,3749.47,17.0,0.5,615.1654563752097,97.33610144728459
m2005-06-27-16.rf.pcm.dynspec,53548.67804599161,1404.75,49.5,2826.79,17.0,0.5,1391.3864863787076,792.207762084488
m2005-11-13-23.rf.pcm.dynspec,53687.98418169741,1339.5,44.0,3697.55,67.0,0.5,7686.486931731789,2734.0200704629806
m2005-11-29-19.rf.pcm.dynspec,53703.8148860448,1339.5,44.0,3840.24,17.0,0.5,16399.33164338934,7547.937270207027
m2005-12-19-20.rf.pcm.dynspec,53723.85897725901,1339.5,44.0,3883.58,67.0,0.5,12446.549317144798,3886.962078170396
m2005-12-20-19.rf.pcm.dynspec,53724.808040955606,1339.5,44.0,3883.51,67.0,0.5,12150.996820877273,2765.2539866172688
m2006-01-04-17.rf.pcm.dynspec,53739.71947600381,1339.75,44.5,3874.78,67.0,0.5,12256.4030956092,4236.078410536369
m2006-03-22-00.rf.pcm.dynspec,53816.00202137211,1340.75,49.5,1444.99,66.0,0.50001,6305.835177535163,2171.119755122736
m2006-04-07-15.rf.pcm.dynspec,53832.64276330461,1340.75,49.5,3874.25,67.0,0.5,6184.471030763468,1870.233890068672
m2006-04-21-21.rf.pcm.dynspec,53846.88512409371,1340.75,49.5,3874.26,67.0,0.5,10116.881053343664,2687.204107348965
m2006-05-11-10.rf.pcm.dynspec,53866.42909401661,1340.75,49.5,3727.67,67.0,0.5,17205.345212877062,9701.862750118346
m2006-05-27-08.rf.pcm.dynspec,53882.37355036431,1340.75,49.5,3881.66,67.0,0.5,19522.730833329315,10961.123953833297
m2006-06-14-09.rf.pcm.dynspec,53900.41012333531,1341.5,51.0,3731.7,67.0,0.5,7547.9780197491855,3538.8589595083135
m2006-06-16-17.rf.pcm.dynspec,53902.74415098031,1340.75,49.5,2786.12,66.0,0.5,18737.119201943224,124.81477926795509
m2006-07-01-05.rf.pcm.dynspec,53917.22424448571,1339.5,44.0,3874.27,67.0,0.5,14361.25200961404,4139.162104372868
m2006-07-01-06.rf.pcm.dynspec,53917.26995059191,1340.75,49.5,3874.53,67.0,0.50001,20197.660840842647,9814.113251032188
m2006-07-16-15.rf.pcm.dynspec,53932.65250345031,1339.75,44.5,3697.35,67.0,0.5,12179.12118838828,3714.8004184668434
m2006-08-19-02.rf.pcm.dynspec,53966.11834065061,1339.75,44.5,3422.05,67.0,0.5,2026.4153667590294,649.1392366618901
m2006-11-02-21.rf.pcm.dynspec,54041.89610633721,1339.5,44.0,1827.87,8.0,0.50001,3518.1394609676563,1242.502145665787
m2006-11-26-20.rf.pcm.dynspec,54065.83963720211,1339.75,44.5,3874.84,67.0,0.5,2569.986641241513,632.7566095488337
m2007-02-05-17.rf.pcm.dynspec,54136.734362562,1404.0,45.0,3874.58,67.0,0.49999,11205.803200828119,4967.988645336978
m2007-02-17-01.rf.pcm.dynspec,54148.0748950779,1404.0,45.0,2080.08,67.0,0.5,3098.1361178829907,966.8274366772342
m2007-03-26-13.rf.pcm.dynspec,54185.5641082841,1404.0,45.0,3874.55,67.0,0.5,18562.97382481662,4813.651326866172
m2007-06-04-18.rf.pcm.dynspec,54255.7688303416,1404.0,44.0,3874.9,67.0,0.5,1266.3288324740847,86.86570437287014
m2007-06-26-08.rf.pcm.dynspec,54277.3620132015,1340.0,45.0,3874.76,67.0,0.50001,14725.9853024861,5667.112660774781
m2007-07-29-13.rf.pcm.dynspec,54310.5791543233,1340.0,44.0,3820.55,67.0,0.50001,4587.728315905561,726.6856638420348
m2007-08-13-06.rf.pcm.dynspec,54325.2822679156,1340.0,44.0,3820.63,67.0,0.50001,2268.599374607791,764.2140119141329
m2008-02-12-02.rf.pcm.dynspec,54508.086982397865,1339.75,45.5,3211.7,67.0,0.5,1748.6874359465526,450.4725666528583
m2008-06-14-06.rf.pcm.dynspec,54631.27680238271,1340.0,45.0,3881.69,67.0,0.5,10292.001144420896,2703.0424415163984
m2008-10-15-02.rf.pcm.dynspec,54754.12401303341,1340.0,46.0,3874.25,67.0,0.5,1409.7901103005947,310.580348270733
m2008-12-31-04.rf.pcm.dynspec,54831.17092256091,1340.0,46.0,3881.33,67.0,0.5,3724.037014406842,781.8999439723854
m2009-02-10-17.rf.pcm.dynspec,54872.73768203271,1340.0,46.0,3881.68,67.0,0.5,7146.0296825520245,3372.23443043443
m2009-04-09-18.rf.pcm.dynspec,54930.78501991664,1340.0,46.0,1925.21,66.0,0.5,1226.2027640537867,573.6359783441579
m2009-04-24-21.rf.pcm.dynspec,54945.90044815741,1340.0,46.0,2185.45,66.0,0.5,18532.662171159718,5981.238277298484
m2009-07-26-05.rf.pcm.dynspec,55038.24264215301,1340.0,46.0,3880.53,67.0,0.5,2546.4934352044766,428.0712120991802
m2009-11-10-21.rf.pcm.dynspec,55145.89830169321,1340.0,46.0,3873.11,67.0,0.5,3876.453944458711,1102.6815279626421
m2010-05-04-16.rf.pcm.dynspec,55320.69703173228,1340.0,47.0,3874.7,67.0,0.5,4261.636256447962,1191.5554785280492
m2010-06-01-19.rf.pcm.dynspec,55348.80234406434,1341.0,52.0,1779.32,66.0,0.5,6732.808132241525,1460.5877755587305
m2010-06-02-14.rf.pcm.dynspec,55349.615446048236,1341.0,52.0,3874.42,67.0,0.5,26527.88300505931,8874.187416698405
m2010-06-02-16.rf.pcm.dynspec,55349.69934627813,1341.0,52.0,3738.69,67.0,0.5,32164.96508401979,9337.034019048988
m2010-06-02-18.rf.pcm.dynspec,55349.755237565834,1341.0,52.0,3874.94,67.0,0.5,23035.551690005672,8785.413536373497
n2002-12-14-06.rf.pcm.dynspec,52622.26133539934,1341.75,51.0,1992.85,17.0,0.5,1838.7491361837,623.3701235616606
n2002-12-14-06.rf.pcm.dynspec,52622.26133539934,1341.75,51.0,1992.85,17.0,0.5,1838.7491361837,623.3701235616606
n2003-08-29-10.rf.pcm.dynspec,52880.44996724821,1341.5,51.0,1810.27,17.0,0.5,5239.994216326034,2749.1705916890787
n2004-03-06-13.rf.pcm.dynspec,53070.582259386334,1341.5,51.0,1973.31,17.0,0.5,2970.4850220454646,888.3158330434512
n2004-04-12-17.rf.pcm.dynspec,53107.71301176673,1341.5,51.0,1941.4,21.0,0.5,3630.0971120642057,4708.39452909263
n2004-04-12-17.rf.pcm.dynspec,53107.71493234824,1341.5,51.0,3823.43,41.0,0.5,9528.211150459354,2751.764231126281
n2004-04-13-14.rf.pcm.dynspec,53107.738575610034,1340.75,49.5,1903.27,192.0,0.5,19765.67929957668,1945.829315877517
n2004-04-14-20.rf.pcm.dynspec,53109.81004403987,1341.5,51.0,4013.29,39.0,0.5,24291.340081427417,15724.35666383748
n2004-06-10-09.rf.pcm.dynspec,53166.404865486234,1340.75,49.5,1940.22,17.0,0.5,2556.3142652483243,1274.6124045627812
n2004-06-12-09.rf.pcm.dynspec,53168.39099734831,1340.75,49.5,1938.9,17.0,0.5,2807.240289867461,1290.6281050195041
n2004-06-25-12.rf.pcm.dynspec,53181.51108084764,1341.0,50.0,3858.0,17.0,0.5,2021.0669769102317,281.1657548040913
n2004-08-10-04.rf.pcm.dynspec,53227.19848567211,1341.0,50.0,2750.9,17.0,0.5,5722.621300052284,4386.9881504629375
n2004-08-31-09.rf.pcm.dynspec,53248.38869410071,1341.5,51.0,3854.73,17.0,0.5,5770.197412453339,4479.049469610687
n2004-09-11-09.rf.pcm.dynspec,53259.384191676414,1341.5,51.0,3854.21,17.0,0.5,6950.88108936998,3135.0017287864675
n2004-11-06-00.rf.pcm.dynspec,53315.02136775121,1341.5,51.0,3835.38,17.0,0.5,4444.336412159114,2615.1385541969407
n2004-11-08-03.rf.pcm.dynspec,53317.13584676371,1341.5,51.0,3066.72,17.0,0.5,6450.891465735734,2904.1032607735306
n2004-12-01-20.rf.pcm.dynspec,53340.84521033731,1341.5,51.0,3858.19,17.0,0.5,1287.686759083592,146.7204649963124
n2005-01-04-19.rf.pcm.dynspec,53374.80473577351,1341.5,51.0,3856.75,17.0,0.5,15962.538512341274,9227.996427099788
n2005-01-07-21.rf.pcm.dynspec,53377.88087244204,1341.5,51.0,3858.0,17.0,0.5,3268.5219389345384,836.6115724578051
n2005-02-17-14.rf.pcm.dynspec,53418.60713161401,1341.5,51.0,3531.23,17.0,0.5,22253.265041322375,8577.560285623047
n2005-03-01-23.rf.pcm.dynspec,53430.96952984903,1341.5,51.0,2274.46,17.0,0.5,13239.063685940131,6604.327854180561
n2005-03-23-12.rf.pcm.dynspec,53452.53517559501,1341.5,51.0,1542.93,17.0,0.5,2601.500545949453,1403.3565772663478
n2005-03-23-13.rf.pcm.dynspec,53452.55828893331,1341.5,51.0,1860.01,17.0,0.5,1807.0168515410687,755.7599538440284
n2005-04-23-14.rf.pcm.dynspec,53483.60460893634,1341.5,51.0,3856.69,17.0,0.5,6822.8013739486705,2755.4077916499323
n2005-05-26-13.rf.pcm.dynspec,53516.54753677251,1341.5,51.0,3857.8,17.0,0.5,505.5444241487543,116.98814857523442
n2005-06-27-16.rf.pcm.dynspec,53548.678045910514,1341.5,51.0,2826.79,17.0,0.5,678.6598203704789,80.59548949985894
n2005-06-27-17.rf.pcm.dynspec,53548.72040707351,1341.5,51.0,2596.63,17.0,0.5,1797.4233446221128,673.7455538597748
n2005-07-31-04.rf.pcm.dynspec,53582.19324261741,1341.5,51.0,3064.57,17.0,0.5,2398.643279405128,488.6672817242113
n2005-12-19-20.rf.pcm.dynspec,53723.85897733511,1404.75,49.5,3883.58,67.0,0.49999,13560.508521255524,7946.949320317682
n2005-12-20-19.rf.pcm.dynspec,53724.80804085961,1404.0,45.0,3883.51,67.0,0.49999,5880.667892282949,1951.7874041389014
n2006-01-02-17.rf.pcm.dynspec,53737.73385128781,1404.0,45.0,3748.35,67.0,0.49999,1224.7489563188012,247.5843221430522
n2006-01-04-17.rf.pcm.dynspec,53739.71947625131,1404.0,45.0,3874.77,67.0,0.49999,6672.9607636433975,3619.175710855245
n2006-03-02-14.rf.pcm.dynspec,53796.61072627771,1405.5,51.0,3873.74,67.0,0.49999,7152.483884449484,2941.0388551350175
n2006-04-07-15.rf.pcm.dynspec,53832.64276320861,1405.5,51.0,3874.26,67.0,0.49999,5175.166011492897,1197.0552812705942
n2006-05-11-10.rf.pcm.dynspec,53866.42909409241,1405.0,50.0,3727.67,67.0,0.49999,22329.60309542175,9650.213787483022
n2006-05-27-08.rf.pcm.dynspec,53882.37355026831,1405.5,51.0,3874.25,67.0,0.49999,26374.94088942184,8301.910864646905
n2006-06-14-09.rf.pcm.dynspec,53900.410123239606,1405.5,51.0,3731.7,67.0,0.49999,10773.70015059159,5374.664231583061
n2006-06-16-17.rf.pcm.dynspec,53902.74415088461,1405.5,51.0,2786.13,66.0,0.49999,982.9342519004824,172.25053950846254
n2006-07-01-05.rf.pcm.dynspec,53917.22434389461,1403.75,45.5,3873.09,67.0,0.49999,22055.633508878018,9772.785157173845
n2006-08-09-05.rf.pcm.dynspec,53956.21637321501,1403.75,45.5,3417.74,67.0,0.49999,24919.66631812316,9402.877461902375
n2006-10-20-00.rf.pcm.dynspec,54028.038363348605,1405.25,51.5,3847.49,8.0,0.49999,6394.826222401509,2503.41218792938
n2006-11-03-21.rf.pcm.dynspec,54042.8805970524,1405.5,51.0,3848.02,8.0,0.5,4406.362194124693,1751.3185922706084
n2006-11-26-20.rf.pcm.dynspec,54065.83963710641,1405.5,51.0,3874.84,67.0,0.49999,4636.085408053205,1199.3534344990917
n2006-12-17-05.rf.pcm.dynspec,54086.24822478271,1341.5,51.0,2738.56,67.0,0.5,11465.176220858868,3629.142667227554
n2007-01-21-03.rf.pcm.dynspec,54121.1492007009,1341.5,51.0,3023.58,67.0,0.50001,18851.687673507793,7934.557154283985
n2007-01-21-16.rf.pcm.dynspec,54121.7062608933,1340.0,45.0,1519.32,66.0,0.50001,2125.8256390770644,452.2209348638865
n2007-02-17-01.rf.pcm.dynspec,54148.0748951749,1340.0,45.0,3082.19,67.0,0.50001,10869.263940334073,4071.9990102789857
n2007-03-26-13.rf.pcm.dynspec,54185.5641082093,1340.0,45.0,3874.56,67.0,0.50001,10092.199694503302,3527.6558946644386
n2007-05-01-12.rf.pcm.dynspec,54221.51172817637,1341.5,51.0,3873.09,67.0,0.5,28215.645995127743,7737.535317120012
n2007-06-04-18.rf.pcm.dynspec,54255.7688302668,1339.75,44.5,3874.9,67.0,0.50001,1641.7942281715045,192.63336020878933
n2007-07-29-13.rf.pcm.dynspec,54310.5791543981,1403.75,44.5,3820.55,67.0,0.5,9885.743137282063,2636.9840705775014
n2007-12-17-18.rf.pcm.dynspec,54451.78164717511,1404.0,45.0,3822.81,67.0,0.49999,9011.934235836372,2450.7910687039966
n2008-01-01-17.rf.pcm.dynspec,54466.72955722471,1404.0,45.0,1376.8,66.0,0.49999,4473.10416213637,1214.7065319028438
n2008-01-01-18.rf.pcm.dynspec,54466.75371892297,1404.0,45.0,2592.06,67.0,0.49999,29237.530051508747,9277.783434815377
n2008-01-23-16.rf.pcm.dynspec,54488.700952579806,1404.0,45.0,3823.17,67.0,0.49999,3336.0914055033827,1609.0165298061274
n2008-03-01-14.rf.pcm.dynspec,54526.60473047541,1404.0,45.0,3824.91,67.0,0.49999,1376.884717966485,174.30197736949413
n2008-04-13-12.rf.pcm.dynspec,54569.50087656831,1404.0,45.0,3873.99,67.0,0.49999,8039.8211434725345,3120.45436134508
n2008-08-14-05.rf.pcm.dynspec,54692.22543640981,1405.5,51.0,3881.35,67.0,0.49999,1685469.7517251296,683.2932698241514
n2008-09-02-04.rf.pcm.dynspec,54711.17516518941,1405.5,51.0,3872.6,67.0,0.49999,13026.118578058453,7765.3990973927275
n2008-10-11-05.rf.pcm.dynspec,54750.22195286681,1404.0,45.0,3881.49,67.0,0.49999,20307.23593607307,7005.08131253028
n2008-12-30-17.rf.pcm.dynspec,54830.72367246261,1404.0,45.0,3880.25,67.0,0.49999,4573.997996609094,1125.231394394118
n2009-02-10-17.rf.pcm.dynspec,54872.73778109831,1404.0,45.0,3880.53,67.0,0.49999,7578.675788594985,2661.838368989843
n2009-04-09-18.rf.pcm.dynspec,54930.78501983269,1404.0,45.0,1925.23,66.0,0.49999,2578.578637825336,565.9715840321106
n2009-06-09-07.rf.pcm.dynspec,54991.32749685041,1404.0,45.0,3881.67,67.0,0.49999,27044.629584971055,8117.522426518795
n2009-11-10-21.rf.pcm.dynspec,55145.89830193861,1404.0,45.0,3873.1,67.0,0.49999,2136.558644365865,283.8745773244619
n2009-11-27-20.rf.pcm.dynspec,55162.84274642141,1404.0,45.0,3873.1,67.0,0.49999,3271.967248838481,1178.5025631445471
n2010-02-05-23.rf.pcm.dynspec,55232.98800082271,1404.25,44.5,3873.11,67.0,0.49999,1895.577893890337,699.9234620404795
n2010-06-01-19.rf.pcm.dynspec,55348.80234413853,1405.5,51.0,1779.3,66.0,0.5,6677.706045953759,1951.5799098687949
n2010-06-02-14.rf.pcm.dynspec,55349.61544577893,1405.5,51.0,3874.47,67.0,0.5,25778.4863835059,8811.626785134047
n2010-06-02-16.rf.pcm.dynspec,55349.69934635223,1405.5,51.0,3738.69,67.0,0.5,18429.519027560706,9394.468941974079
r070604_182639.rf.pcm.dynspec,54255.7691550996,1368.88,230.5,3794.99,60.0,0.25,1556.4525095507797,151.09172843306047
r070712_055550.rf.pcm.dynspec,54293.24722235326,1368.88,230.5,3869.98,60.0,0.25,2551.3074520806026,529.285276658634
r070729_135319.rf.pcm.dynspec,54310.57910879836,1369.25,229.75,3799.99,50.0,0.25,9683.96993326139,2280.6611410043674
r070813_064548.rf.pcm.dynspec,54325.28223388331,1369.75,228.75,3797.48,50.0,0.25,2356.7238357884066,358.8354133220222
r070911_010850.rf.pcm.dynspec,54354.04820598836,1369.0,230.25,3799.99,50.0,0.25,27629.435644175286,7155.178998383155
r071105_215541.rf.pcm.dynspec,54409.91406252941,1368.88,230.5,3800.01,50.0,0.25,24148.017361477014,8124.826574974803
r071202_201110.rf.pcm.dynspec,54436.84149310877,1368.88,230.5,3760.0,50.0,0.25,11515.057786779807,3131.2129034753607
r071230_180309.rf.pcm.dynspec,54464.75260412936,1368.88,230.5,3799.98,50.0,0.25,4576.938095123523,1094.9430163268387
r080121_170629.rf.pcm.dynspec,54486.713252205955,1368.88,230.5,3800.0,50.0,0.25,37291.992984426295,18455.89438496023
r080123_164838.rf.pcm.dynspec,54488.70086810246,1369.0,230.25,3800.0,50.0,0.25,2027.8002826340426,293.14350682503584
r080212_020431.rf.pcm.dynspec,54508.086863479366,1368.88,230.5,3150.0,50.0,0.25,1370.851415970882,275.899314433353
r080301_143013.rf.pcm.dynspec,54526.60486090757,1368.88,230.5,3839.99,60.0,0.25,1505.2931440272562,205.1451583612492
r080319_164938.rf.pcm.dynspec,54544.70162014377,1368.88,230.5,3840.0,60.0,0.25,2414.7509358505704,311.2358626843776
r080413_120039.rf.pcm.dynspec,54569.50092576497,1368.88,230.5,3839.99,60.0,0.25,6976.826682007166,1743.4541215350296
r080614_063800.rf.pcm.dynspec,54631.27696743397,1368.88,230.5,3839.99,60.0,0.25,7908.153861071821,2549.4423309294743
r090222_141059.rf.pcm.dynspec,54884.59143499057,1368.88,230.5,3839.99,60.0,0.25,8926.475409885623,1871.2723744391399
r090424_213602.rf.pcm.dynspec,54945.90057852038,1368.88,230.5,2099.99,60.0,0.25,16688.399772126024,5134.119442382823
r090701_064452.rf.pcm.dynspec,55013.28171261653,1368.88,230.5,3840.0,60.0,0.25,2407.2059498689405,412.94812319487266
r090726_054839.rf.pcm.dynspec,55038.24259243792,1368.88,230.5,3839.98,60.0,0.25,1574.6353132325287,253.19037669450745
r090901_084700.rf.pcm.dynspec,55075.36643489097,1368.88,230.5,3840.01,60.0,0.25,1287.8636879051871,184.28430542863427
r091012_095322.rf.pcm.dynspec,55116.41261563733,1368.88,230.5,3839.99,60.0,0.25,14587.956278710128,5860.316954869365
r091110_213249.rf.pcm.dynspec,55145.89826379223,1369.0,230.25,3839.99,60.0,0.25,3535.1038026370306,1054.811106022877
r091215_183601.rf.pcm.dynspec,55180.77557856098,1368.88,230.5,3839.99,60.0,0.25,14749.936946919557,4105.153429658679
r100106_165559.rf.pcm.dynspec,55202.70601844893,1368.88,230.5,3779.98,60.0,0.25,3358.567040623005,732.1450523156273
r100205_234200.rf.pcm.dynspec,55232.98796287083,1369.0,230.25,3770.0,60.0,0.25,1891.668467672771,252.60679823743925
r100220_014200.rf.pcm.dynspec,55247.07129624203,1368.88,230.5,1319.98,60.0,0.25,2123.646244510701,886.1200618906929
r100316_130213.rf.pcm.dynspec,55271.54374982057,1369.0,230.25,3780.98,60.0,0.25,2611.0098072430706,412.2390628051272
r100511_084412.rf.pcm.dynspec,55327.364583152375,1368.88,230.5,3839.99,60.0,0.25,2840.1863626295926,661.4897709420446
s080319_164941.rf.pcm.dynspec,54544.70162014377,1368.94,230.5,3840.0,60.0,0.125,2542.2977721405728,305.9669422993831
s080413_120040.rf.pcm.dynspec,54569.50092576497,1368.94,230.5,3779.99,60.0,0.125,7320.948735124927,1880.0841733351836
s080814_052402.rf.pcm.dynspec,54692.22557857912,1368.94,230.5,3839.98,60.0,0.125,5303.5324800412845,1926.334803137784
s080902_041130.rf.pcm.dynspec,54711.175115582526,1368.94,230.5,3839.98,60.0,0.125,5973.807449802391,4233.170377699191
s081011_051901.rf.pcm.dynspec,54750.22210632217,1368.94,230.5,3839.98,60.0,0.125,14485.408661043706,6732.121272049403
s081015_025759.rf.pcm.dynspec,54754.124074020874,1368.88,230.5,3839.98,60.0,0.25,1182.719207295592,152.78612374342623
s081026_090541.rf.pcm.dynspec,54765.37951376753,1368.88,230.5,3419.98,60.0,0.25,3968.1334743755465,682.4896489705127
s081113_203209.rf.pcm.dynspec,54783.85613405838,1394.62,179.12,2159.99,60.0,0.125,9722.962594920438,4865.434297374375
s081214_183809.rf.pcm.dynspec,54814.776967519334,1368.88,230.5,3839.99,60.0,0.25,15954.145997379674,6400.3455855392385
s081230_172121.rf.pcm.dynspec,54830.723726763536,1368.94,230.5,3839.99,60.0,0.125,2859.3596229326995,361.16123413050286
s081231_040531.rf.pcm.dynspec,54831.17106458398,1368.94,230.5,3839.99,60.0,0.125,5622.678900283697,1926.334803137784
s090124_154831.rf.pcm.dynspec,54855.659259052074,1368.94,230.5,3839.99,60.0,0.125,3357.4231561002844,2240.2725015149563
s090210_174650.rf.pcm.dynspec,54872.741319216075,1368.94,230.5,3539.99,60.0,0.125,5737.352013054994,1849.6693425876329
s090409_184949.rf.pcm.dynspec,54930.785069346435,1368.94,230.5,1859.99,60.0,0.125,1426.7917738393244,417.2998908000194
s090424_213603.rf.pcm.dynspec,54945.90057852038,1368.88,230.5,2099.99,60.0,0.25,18005.55525087958,5781.908811919652
s090701_064452.rf.pcm.dynspec,55013.28171261653,1368.94,230.5,3840.0,60.0,0.125,2378.0080251276186,377.3484035462418
s090726_054840.rf.pcm.dynspec,55038.24270807747,1368.88,230.5,3840.0,60.0,0.25,1616.2139399796738,292.2980518654622
s090901_084701.rf.pcm.dynspec,55075.36655085957,1368.88,230.5,3839.99,60.0,0.25,1250.6851659208864,177.87714036312343
s091012_095323.rf.pcm.dynspec,55116.41261563733,1368.88,230.5,3839.99,60.0,0.25,15261.947060304237,6573.398384444664
s091110_213249.rf.pcm.dynspec,55145.89826379223,1368.88,230.5,3839.99,60.0,0.25,3531.5470697206165,1076.9426907311565
s091127_201249.rf.pcm.dynspec,55162.84270810567,1368.88,230.5,3840.0,60.0,0.25,2938.9730422728417,411.4339758208041
s091215_183557.rf.pcm.dynspec,55180.77546278648,1368.88,230.5,3839.99,60.0,0.25,15777.300628377383,4375.368424214507
s100106_165558.rf.pcm.dynspec,55202.70613404448,1368.88,230.5,3839.99,60.0,0.25,3379.976858737118,498.59459474055643
s100205_234159.rf.pcm.dynspec,55232.98796287083,1368.88,230.5,3839.99,60.0,0.25,1809.825112181351,175.0477203421106
s100220_014159.rf.pcm.dynspec,55247.07129624203,1368.88,230.5,1319.98,60.0,0.25,3419.0862957955646,1196.0361487491982
s100316_130209.rf.pcm.dynspec,55271.54363403808,1368.88,230.5,3840.0,60.0,0.25,2607.15646829254,959.636150281644
s100425_160558.rf.pcm.dynspec,55311.67129609908,1368.88,230.5,3839.99,60.0,0.25,19251.6090318558,5535.48611240525
s100504_153458.rf.pcm.dynspec,55320.649768413736,1368.88,230.5,3839.99,60.0,0.25,4495.723325871227,1459.4601617377675
s100504_164308.rf.pcm.dynspec,55320.69710638563,1368.88,230.5,3839.99,60.0,0.25,3745.8815446343147,1159.8795709333185
s100504_180108.rf.pcm.dynspec,55320.751273064736,1368.88,230.5,3839.99,60.0,0.25,3719.601398043402,1030.1051629663275
s100511_084406.rf.pcm.dynspec,55327.36446736787,1368.88,230.5,3839.99,60.0,0.25,3031.8646018079307,661.4897709420446
s100709_113559.rf.pcm.dynspec,55386.48379609487,1368.88,230.5,3839.99,60.0,0.25,3736.737682703538,935.3347653573823
s101003_073629.rf.pcm.dynspec,55472.31747680347,1368.88,230.5,3839.98,60.0,0.25,3137.4721860504474,563.1059773941643
s101023_092218.rf.pcm.dynspec,55492.39097196788,1368.88,230.5,3239.99,60.0,0.25,1056.631331965592,113.42657846648166
s101129_041458.rf.pcm.dynspec,55529.17754616603,1368.88,230.5,3840.0,60.0,0.25,3629.758723574864,787.7653203745482
s110107_195738.rf.pcm.dynspec,55568.83217581373,1368.88,230.5,3839.99,60.0,0.25,1419.0863875046355,402.1019532741512
s110119_172517.rf.pcm.dynspec,55580.72662031513,1368.88,230.5,3839.98,60.0,0.25,1297.836029118984,154.28119519086388
s110226_005647.rf.pcm.dynspec,55618.04016187628,1368.88,230.5,3839.99,60.0,0.25,1514.9809653787258,312.83927143709064
s110324_123115.rf.pcm.dynspec,55644.52222219407,1368.88,230.5,3839.99,60.0,0.25,2067.7626760775343,362.2954490062825
s110612_070527.rf.pcm.dynspec,55724.295949055275,1368.88,230.5,3840.0,60.0,0.25,6664.459506087509,1619.7157840249567
s110624_144058.rf.pcm.dynspec,55736.61238430583,1368.88,230.5,3839.99,60.0,0.25,9521.369114532483,2293.9710660055157
s110928_234337.rf.pcm.dynspec,55832.98912050537,1368.88,230.5,2939.98,60.0,0.25,1333.927612805439,209.23119069770178
s110930_005357.rf.pcm.dynspec,55834.03796300033,1368.88,230.5,3839.99,60.0,0.25,1490.8820612138898,205.1451583612492
s111017_052847.rf.pcm.dynspec,55851.22881959527,1368.88,230.5,3839.98,60.0,0.25,2400.110883794165,720.1220540841617
s111030_005818.rf.pcm.dynspec,55864.04108807277,1369.0,230.25,3779.99,60.0,0.25,1657.2692769016405,572.6626622585651
s111120_015227.rf.pcm.dynspec,55885.078587947675,1369.0,230.25,3839.99,60.0,0.25,2432.6445276421405,281.3471260109874
s111201_065457.rf.pcm.dynspec,55896.288657441626,1369.0,230.25,2939.98,60.0,0.25,1327.7432113984516,223.08532402137755
s111219_185948.rf.pcm.dynspec,55914.79212967403,1369.0,230.25,3839.99,60.0,0.25,1321.636322114864,171.35695626855787
s120105_202738.rf.pcm.dynspec,55931.853125012676,1369.0,230.25,3839.99,60.0,0.25,10056.686157737853,3513.671819595621
s120121_162626.rf.pcm.dynspec,55947.68553241657,1369.12,230.0,3839.99,60.0,0.25,2976.2976847823747,642.271648120549
s120205_020228.rf.pcm.dynspec,55962.08564807302,1369.0,230.25,3839.99,60.0,0.25,18983.976833692577,5784.214657908241
s120318_130358.rf.pcm.dynspec,56004.545023264036,1369.0,230.25,3839.98,60.0,0.25,2994.320982342794,418.1769172926574
s120406_201258.rf.pcm.dynspec,56023.842939849674,1368.88,230.5,3839.99,60.0,0.25,4180.82188815218,1457.419826354754
s120422_095638.rf.pcm.dynspec,56039.414930503975,1368.88,230.5,3839.99,60.0,0.25,8775.673647741505,3018.9553799174532
s120422_110508.rf.pcm.dynspec,56039.46250010903,1368.88,230.5,3839.98,60.0,0.25,7209.227616731268,3278.4670611493657
s120502_143818.rf.pcm.dynspec,56049.61053239198,1368.88,230.5,3839.98,60.0,0.25,13660.895635998751,3693.8712145122436
s120505_101008.rf.pcm.dynspec,56052.424305636836,1368.88,230.5,3839.99,60.0,0.25,3786.672302312361,803.0306913642944
s120524_085927.rf.pcm.dynspec,56071.375115802235,1368.88,230.5,3839.99,60.0,0.25,4443.556474755247,953.4320595629307
s120616_084757.rf.pcm.dynspec,56094.36712960697,1369.0,230.25,3839.99,60.0,0.25,13875.408282907281,5840.922047892232
s120617_131019.rf.pcm.dynspec,56095.54942128567,1369.0,230.25,3839.99,60.0,0.25,8748.068380183586,2104.690774776591
s120708_085739.rf.pcm.dynspec,56116.373958500575,1368.88,230.5,3839.98,60.0,0.25,2447.35234290235,289.8003365678881
s120921_015117.rf.pcm.dynspec,56191.07777783933,1368.88,230.5,3839.99,60.0,0.25,7121.36052316803,1743.4541215350296
s120923_004749.rf.pcm.dynspec,56193.03368072477,1368.88,230.5,3839.98,60.0,0.25,1951.836676902313,221.5160405281628
s121006_012257.rf.pcm.dynspec,56206.058102018775,1368.88,230.5,3839.97,60.0,0.25,2302.5176255173574,225.93781727859513
s121022_225739.rf.pcm.dynspec,56222.95717601593,1368.88,230.5,3659.98,60.0,0.25,3207.255308682886,583.0247722197033
s121023_024817.rf.pcm.dynspec,56223.11736124857,1368.88,230.5,2879.99,60.0,0.25,3055.620805615872,825.6070592339682
s121116_214847.rf.pcm.dynspec,56247.90937503543,1368.88,230.5,3839.99,60.0,0.25,4696.424043505727,846.7440393865636
s121208_231028.rf.pcm.dynspec,56269.96608798787,1368.88,230.5,3839.99,60.0,0.25,3394.568960075901,722.344106354333
s121221_004737.rf.pcm.dynspec,56282.033564844176,1368.88,230.5,3839.99,60.0,0.25,3274.6499379897273,333.66659327453283
s130112_191142.rf.pcm.dynspec,56304.800347250675,1368.88,230.5,3599.99,60.0,0.25,5345.136208161882,824.2653820449323
s130127_161503.rf.pcm.dynspec,56319.67766213243,1368.88,230.5,3839.98,60.0,0.25,2234.1806125424528,617.1410677159175
s130128_155314.rf.pcm.dynspec,56320.66249996798,1368.88,230.5,3839.99,60.0,0.25,10376.313711761835,2050.6872628719943
s130208_185143.rf.pcm.dynspec,56331.78645835637,1368.88,230.5,3840.0,60.0,0.25,2214.573756712947,296.11490078589986
s130302_143258.rf.pcm.dynspec,56353.606713051675,1369.0,230.25,3839.99,60.0,0.25,18313.41882461756,6008.9903427887
s130321_182828.rf.pcm.dynspec,56372.770254610274,1368.88,230.5,3789.99,60.0,0.25,13520.763682721421,4278.206228564104
s130427_110022.rf.pcm.dynspec,56409.45914346707,1368.88,230.5,3839.99,60.0,0.25,16550.530196458792,4909.433363117294
s130427_120802.rf.pcm.dynspec,56409.50613422357,1368.88,230.5,3839.99,60.0,0.25,9247.794298598621,1564.9274915835017
s130512_094041.rf.pcm.dynspec,56424.40381945687,1368.88,230.5,3839.98,60.0,0.25,6532.525966851647,1619.14858369847
s130512_192722.rf.pcm.dynspec,56424.811226961836,1369.0,230.25,2099.99,60.0,0.25,4712.289365363013,1722.3959710536963
s130525_090326.rf.pcm.dynspec,56437.37789347918,1368.88,230.5,3179.99,60.0,0.25,6494.562563530602,1348.1233013047608
s130603_095422.rf.pcm.dynspec,56446.413310302836,1368.88,230.5,3839.99,60.0,0.25,6856.936715796108,2410.6381562234815
s130619_075832.rf.pcm.dynspec,56462.332870416736,1368.88,230.5,3839.99,60.0,0.25,6128.670110271922,1564.9274915835017
s130622_062552.rf.pcm.dynspec,56465.26851853547,1368.88,230.5,3840.0,60.0,0.25,3706.6204980833654,1007.6196663056297
s130705_073132.rf.pcm.dynspec,56478.314120336974,1368.88,230.5,3839.99,60.0,0.25,7011.534988695701,1079.7828019141286
s130810_034742.rf.pcm.dynspec,56514.15868073478,1368.88,230.5,3839.98,60.0,0.25,2229.65815949773,215.11799938521284
s130824_031406.rf.pcm.dynspec,56528.13530075333,1368.88,230.5,2700.0,60.0,0.25,6135.40987598285,2131.7309848429845
s130901_022422.rf.pcm.dynspec,56536.100810294236,1368.88,230.5,3839.99,60.0,0.25,10888.92041806358,5440.925910680395
s130914_011852.rf.pcm.dynspec,56549.05532404497,1368.88,230.5,3839.99,60.0,0.25,10254.856157323406,3708.5799875579823
s130930_013922.rf.pcm.dynspec,56565.06956006928,1368.88,230.5,3840.0,60.0,0.25,8303.684348977438,4099.471287571776
s131014_042103.rf.pcm.dynspec,56579.18182874313,1368.88,230.5,2219.99,60.0,0.25,7749.253219346664,2873.8960410763366
s131016_072002.rf.pcm.dynspec,56581.306134325736,1368.88,230.5,3839.99,60.0,0.25,12554.771496898855,6269.701875715726
s131025_222913.rf.pcm.dynspec,56590.93750009003,1368.88,230.5,3839.99,60.0,0.25,5412.24672706845,1312.6188290731757
s131220_004503.rf.pcm.dynspec,56646.03182872463,1369.0,230.25,3839.99,60.0,0.25,3476.951660683004,803.3509428865216
s140111_025252.rf.pcm.dynspec,56668.120601892275,1369.0,230.25,3840.0,60.0,0.25,8491.64060053634,3621.9775344966606
s140130_182543.rf.pcm.dynspec,56687.76840280477,1369.0,230.25,3840.0,60.0,0.25,18905.91782842242,5784.214657908241
s140321_143212.rf.pcm.dynspec,56737.60624992092,1369.0,230.25,3839.99,60.0,0.25,9886.138162327585,2922.687785613522
s140410_151401.rf.pcm.dynspec,56757.63530099647,1368.88,230.5,3840.0,60.0,0.25,9021.290593626429,3018.9553799174532
s140412_130801.rf.pcm.dynspec,56759.54780090857,1368.88,230.5,3839.99,60.0,0.25,7675.8329689502425,2691.0519254499377
s140412_141521.rf.pcm.dynspec,56759.59456025763,1368.88,230.5,3839.99,60.0,0.25,7536.9845290060275,2873.8960410763366
s140426_140812.rf.pcm.dynspec,56773.58958344593,1368.88,230.5,3839.99,60.0,0.25,7009.666153990386,4303.023301650432
s150306_144241.rf.pcm.dynspec,57087.61354161228,1369.0,230.25,3839.99,60.0,0.25,2246.440517806621,771.7274138544233
t080814_052401.rf.pcm.dynspec,54692.22557857912,1368.88,230.5,3839.98,60.0,0.25,5149.916292974611,2232.0834581642694
t080902_041145.rf.pcm.dynspec,54711.17534711043,1368.88,230.5,3839.99,60.0,0.25,6130.662637977027,2819.7286743361988
t081015_025800.rf.pcm.dynspec,54754.124074020874,1368.88,230.5,3839.98,60.0,0.25,1159.0444030125118,147.04123258423638
t081026_090541.rf.pcm.dynspec,54765.37951376753,1368.88,230.5,3419.98,60.0,0.25,4158.994486514945,755.4839750028664
t081113_203139.rf.pcm.dynspec,54783.85578688158,1368.88,230.5,2219.99,60.0,0.25,11056.794194105425,5440.925910680395
t081230_172121.rf.pcm.dynspec,54830.723726763536,1368.88,230.5,3839.99,60.0,0.25,3144.995821077597,720.326380797095
t081231_040532.rf.pcm.dynspec,54831.17106458398,1368.88,230.5,3839.99,60.0,0.25,6124.084238331358,2493.330334560175
t090124_154829.rf.pcm.dynspec,54855.65914345793,1368.88,230.5,3839.99,60.0,0.25,3585.8648369024086,1314.2832391024542
t090210_174140.rf.pcm.dynspec,54872.73784707588,1368.88,230.5,3839.99,60.0,0.25,5160.291866910976,1962.088942725287
t090222_141059.rf.pcm.dynspec,54884.59143499057,1368.88,230.5,3839.99,60.0,0.25,10753.143788086873,2734.055779656862
t090424_213602.rf.pcm.dynspec,54945.90057852038,1368.88,230.5,2099.99,60.0,0.25,17710.069404264752,6006.59489118518
t090701_064451.rf.pcm.dynspec,55013.28171261653,1368.88,230.5,3840.0,60.0,0.25,2337.148509853409,705.3113705076331
t090726_054840.rf.pcm.dynspec,55038.24259243792,1368.88,230.5,3839.98,60.0,0.25,1543.6039334626234,150.36442944484313
t090901_084701.rf.pcm.dynspec,55075.36655085957,1368.88,230.5,3839.99,60.0,0.25,1265.0518983208808,196.54145522597895
t091012_095323.rf.pcm.dynspec,55116.41261563733,1369.0,230.25,3839.99,60.0,0.25,16094.360797342888,6402.89806633305
t091110_213249.rf.pcm.dynspec,55145.89826379223,1369.0,230.25,3839.99,60.0,0.25,3490.318427527515,904.0025616570264
t091127_201250.rf.pcm.dynspec,55162.84270810567,1369.0,230.25,3840.0,60.0,0.25,2613.737998912637,296.77075637947854
t100106_165559.rf.pcm.dynspec,55202.70601844893,1368.88,230.5,3839.99,60.0,0.25,3452.0821576547014,620.5137891489773
t100205_234200.rf.pcm.dynspec,55232.98796287083,1368.88,230.5,3839.99,60.0,0.25,1824.1864615551615,187.73745581383344
t100220_014200.rf.pcm.dynspec,55247.07129624203,1368.88,230.5,1319.98,60.0,0.25,3070.8024413527405,1429.0849133492895
t100316_130210.rf.pcm.dynspec,55271.54363403808,1369.0,230.25,3840.0,60.0,0.25,2557.120236212434,825.9363142927408
t100425_160600.rf.pcm.dynspec,55311.67129609908,1368.88,230.5,3839.99,60.0,0.25,18077.790725606246,5781.908811919652
t100504_153506.rf.pcm.dynspec,55320.64988419463,1368.88,230.5,3839.98,60.0,0.25,4453.734535627097,1342.3226002217293
t100504_164308.rf.pcm.dynspec,55320.69710638563,1368.88,230.5,3839.99,60.0,0.25,3628.4214150277658,732.1450523156273
t100504_180109.rf.pcm.dynspec,55320.751273064736,1368.88,230.5,3839.99,60.0,0.25,3792.681569221634,1131.6436396471547
t100511_084416.rf.pcm.dynspec,55327.364583152375,1368.88,230.5,3839.99,60.0,0.25,2941.803947878685,661.4897709420446
t100709_113602.rf.pcm.dynspec,55386.48391172383,1368.88,230.5,3840.01,60.0,0.25,3830.0682304097027,1099.5360781051409
t101003_073629.rf.pcm.dynspec,55472.31747680347,1368.88,230.5,3839.98,60.0,0.25,3130.388204536652,563.1059773941643
t101023_092217.rf.pcm.dynspec,55492.39097196788,1368.88,230.5,3239.99,60.0,0.25,1045.3663190370178,97.03702754274723
t101129_041533.rf.pcm.dynspec,55529.178009148935,1368.88,230.5,3839.98,60.0,0.25,3573.683669787594,745.5625517898512
t101219_201208.rf.pcm.dynspec,55549.842245180174,1368.88,230.5,3840.0,60.0,0.25,1289.0561005846096,389.0892138030395
t110107_195742.rf.pcm.dynspec,55568.832291595834,1368.88,230.5,3839.99,60.0,0.25,1493.8913026151247,356.235941624275
t110119_172518.rf.pcm.dynspec,55580.72638857403,1368.88,230.5,3839.99,60.0,0.25,1288.6942453036572,193.36245021684317
t110226_005648.rf.pcm.dynspec,55618.03993049933,1368.88,230.5,3839.99,60.0,0.25,1385.8125052380835,194.6858689289469
t110324_123115.rf.pcm.dynspec,55644.52222219407,1368.88,230.5,3839.99,60.0,0.25,1881.3077368737502,347.361203109733
t110612_070533.rf.pcm.dynspec,55724.29606485623,1369.0,230.25,3839.99,60.0,0.25,6690.698619158722,2075.1480603777018
t110624_144059.rf.pcm.dynspec,55736.612268506076,1369.0,230.25,3839.99,60.0,0.25,9417.97174429875,2403.896066276146
t110928_234343.rf.pcm.dynspec,55832.98923611402,1369.0,230.25,2939.99,60.0,0.25,1306.559420308832,216.3058897228623
t110930_005405.rf.pcm.dynspec,55834.03807879103,1368.88,230.5,3839.98,60.0,0.25,1442.9491777618412,230.88258396891837
t111017_052847.rf.pcm.dynspec,55851.22881959527,1368.88,230.5,3839.98,60.0,0.25,2438.5694512290597,898.7818148693556
t111030_005824.rf.pcm.dynspec,55864.04108807277,1368.88,230.5,3774.99,60.0,0.25,1499.9090332052185,275.18775433807576
t111120_015228.rf.pcm.dynspec,55885.078587947675,1369.0,230.25,3839.99,60.0,0.25,2558.2103792649555,305.1098275694472
t111201_065457.rf.pcm.dynspec,55896.288657441626,1368.88,230.5,2939.98,60.0,0.25,1468.4866705576965,342.9727280222238
t111219_185955.rf.pcm.dynspec,55914.79212967403,1369.0,230.25,3839.99,60.0,0.25,1279.8011187232835,143.5693568361115
t120105_202745.rf.pcm.dynspec,55931.853125012676,1368.88,230.5,3839.99,60.0,0.25,13622.860124296896,3520.8184156068182
t120121_162626.rf.pcm.dynspec,55947.68553241657,1369.0,230.25,3839.99,60.0,0.25,2906.6079573607826,612.6118885658777
t120318_130358.rf.pcm.dynspec,56004.54490747258,1369.0,230.25,3840.0,60.0,0.25,3173.9987211255284,498.79343605466437
t120406_201300.rf.pcm.dynspec,56023.842824077175,1368.88,230.5,3839.99,60.0,0.25,4104.405243189906,1457.419826354754
t120422_095637.rf.pcm.dynspec,56039.414814916134,1368.88,230.5,3839.98,60.0,0.25,8558.758683214346,2770.7742465323486
t120422_110508.rf.pcm.dynspec,56039.462384316175,1368.88,230.5,3840.0,60.0,0.25,6535.027048352265,2887.7660099367085
t120524_085935.rf.pcm.dynspec,56071.37523158543,1368.88,230.5,3839.98,60.0,0.25,4355.1369691231475,953.4320595629307
t120708_085738.rf.pcm.dynspec,56116.37384270717,1368.88,230.5,3839.98,60.0,0.25,2376.329474678961,262.96280745696333
t120921_015118.rf.pcm.dynspec,56191.07777783933,1368.88,230.5,3839.99,60.0,0.25,6865.253533419526,1287.2689658924726
t120923_004756.rf.pcm.dynspec,56193.033796176474,1368.88,230.5,3839.99,60.0,0.25,1943.007887507862,213.98870434330527
t121006_012257.rf.pcm.dynspec,56206.058102018775,1368.88,230.5,3839.97,60.0,0.25,2348.5587438100943,225.93781727859513
t121022_225739.rf.pcm.dynspec,56222.95717601593,1368.88,230.5,3659.98,60.0,0.25,3257.377096847482,701.9391900761526
t121023_024825.rf.pcm.dynspec,56223.117476853025,1368.88,230.5,2879.99,60.0,0.25,3178.4850049822844,927.5006835310248
t121116_214855.rf.pcm.dynspec,56247.909490822036,1368.88,230.5,3839.99,60.0,0.25,4477.398520353744,763.8071591844016
t121208_231029.rf.pcm.dynspec,56269.96608798787,1368.88,230.5,3839.99,60.0,0.25,3391.6591497870063,722.344106354333
t121221_004737.rf.pcm.dynspec,56282.033564844176,1368.88,230.5,3839.99,60.0,0.25,3552.0309990867972,347.361203109733
t130112_191143.rf.pcm.dynspec,56304.800347250675,1368.88,230.5,3599.99,60.0,0.25,5364.980980346637,824.2653820449323
t130127_161503.rf.pcm.dynspec,56319.67766213243,1368.88,230.5,3839.98,60.0,0.25,2338.7796894123544,488.15311724462435
t130128_155314.rf.pcm.dynspec,56320.66249996798,1368.88,230.5,3839.99,60.0,0.25,10618.020224305157,2507.9515180767444
t130208_185143.rf.pcm.dynspec,56331.78645835637,1368.88,230.5,3840.0,60.0,0.25,2143.0436419860284,246.7497085644019
t130302_143257.rf.pcm.dynspec,56353.606713051675,1369.0,230.25,3839.99,60.0,0.25,17989.537678858258,5784.214657908241
t130321_182827.rf.pcm.dynspec,56372.770254610274,1368.88,230.5,3839.99,60.0,0.25,13566.512377120172,4278.206228564104
t130427_110021.rf.pcm.dynspec,56409.45914346707,1368.88,230.5,3839.99,60.0,0.25,15448.932902223438,4375.368424214507
t130427_120801.rf.pcm.dynspec,56409.50613422357,1368.88,230.5,3839.99,60.0,0.25,9316.633362723891,1258.3977369582074
t130512_094042.rf.pcm.dynspec,56424.40381945687,1368.88,230.5,3839.98,60.0,0.25,6789.217819664472,1737.980290488927
t130512_192705.rf.pcm.dynspec,56424.810995379274,1368.88,230.5,2159.98,60.0,0.25,4886.7547688868035,1553.3250579835687
t130603_095421.rf.pcm.dynspec,56446.413310302836,1368.88,230.5,3839.99,60.0,0.25,6764.485733394872,2657.060855737883
t130619_075831.rf.pcm.dynspec,56462.332870416736,1368.88,230.5,3839.99,60.0,0.25,6348.136634900736,1312.6188290731757
t130622_062551.rf.pcm.dynspec,56465.26851853547,1368.88,230.5,3840.0,60.0,0.25,5570.6930430821785,2578.481038956545
t130705_073131.rf.pcm.dynspec,56478.314120336974,1368.88,230.5,3839.99,60.0,0.25,7122.72155477453,1252.835600819554
t130810_034725.rf.pcm.dynspec,56514.158448969974,1368.88,230.5,3840.01,60.0,0.25,2005.9298401220512,165.6283731361372
t130824_031407.rf.pcm.dynspec,56528.13530075333,1368.88,230.5,2700.0,60.0,0.25,5915.263583626758,2493.330334560175
t130901_022408.rf.pcm.dynspec,56536.10057871968,1368.88,230.5,3839.99,60.0,0.25,10518.980356702137,6021.954719388118
t130914_011851.rf.pcm.dynspec,56549.05532404497,1368.88,230.5,3839.99,60.0,0.25,10546.951100886597,3512.2711132682102
t130930_014038.rf.pcm.dynspec,56565.07037029738,1368.88,230.5,3840.0,60.0,0.25,8096.184656079821,2921.5226718850504
t131014_042102.rf.pcm.dynspec,56579.18182874313,1368.88,230.5,2279.99,60.0,0.25,4550.5950779343675,1983.942308717153
t131016_071948.rf.pcm.dynspec,56581.30590274617,1368.88,230.5,3839.99,60.0,0.25,14646.070973262085,6386.8394372317625
t131025_222912.rf.pcm.dynspec,56590.93750009003,1368.88,230.5,3839.99,60.0,0.25,5178.935453509236,1227.7797982773711
t131220_004448.rf.pcm.dynspec,56646.03159726903,1368.88,230.5,3839.99,60.0,0.25,3555.149858258507,669.8358137137558
t140111_025252.rf.pcm.dynspec,56668.120601892275,1368.88,230.5,3840.0,60.0,0.25,9180.31866834491,3957.861693051312
t140130_182528.rf.pcm.dynspec,56687.76817127308,1369.0,230.25,3839.99,60.0,0.25,17773.938952240318,5784.214657908241
t140321_143158.rf.pcm.dynspec,56737.606018578175,1369.0,230.25,3839.99,60.0,0.25,11091.257258914242,7816.988366149267
t140410_151402.rf.pcm.dynspec,56757.63530099647,1368.88,230.5,3840.0,60.0,0.25,9361.816435136434,2835.5942563376893
t140412_130748.rf.pcm.dynspec,56759.54756953183,1369.0,230.25,3839.99,60.0,0.25,7998.302807954381,3387.1858464990232
t140412_141522.rf.pcm.dynspec,56759.59456025763,1368.88,230.5,3839.99,60.0,0.25,6931.249873386578,1926.2982371614282
t140426_140757.rf.pcm.dynspec,56773.58935186477,1368.88,230.5,3839.99,60.0,0.25,9720.288624803628,3613.8095899490377
t140519_162932.rf.pcm.dynspec,56796.68773146747,1368.88,230.5,3839.99,60.0,0.25,4924.122997336604,1995.9577564395056
t140731_074531.rf.pcm.dynspec,56869.323842651735,1368.88,230.5,3839.99,60.0,0.25,10029.415691101452,3203.4872235452913
t140822_074231.rf.pcm.dynspec,56891.321759333536,1368.88,230.5,3839.98,60.0,0.25,5042.360619651736,1281.0747978238755
t140824_083651.rf.pcm.dynspec,56893.35949091757,1368.88,230.5,3839.98,60.0,0.25,5472.434267162092,1258.3977369582074
t140926_074512.rf.pcm.dynspec,56926.323611174936,1369.0,230.25,3840.0,60.0,0.25,11425.647086532346,4264.350114768269
t140927_012111.rf.pcm.dynspec,56927.05694454153,1368.88,230.5,3839.99,60.0,0.25,11280.971991031278,5174.627906898469
t141010_000551.rf.pcm.dynspec,56940.00462962937,1368.88,230.5,3839.99,60.0,0.25,7012.382557415521,1619.997086675398
t141026_081932.rf.pcm.dynspec,56956.34745383578,1368.88,230.5,3839.98,60.0,0.25,6739.88523817842,2657.060855737883
t141113_234231.rf.pcm.dynspec,56974.98842580817,1368.88,230.5,1379.99,60.0,0.25,2857.541148939318,958.8052941175158
t141219_004431.rf.pcm.dynspec,57010.03148142377,1368.88,230.5,3839.99,60.0,0.25,14803.518397618409,6732.792403671723
t141219_044031.rf.pcm.dynspec,57010.19537048103,1368.88,230.5,3839.99,60.0,0.25,7217.1130804288,1276.297730200994
t150306_144228.rf.pcm.dynspec,57087.613310238135,1368.88,230.5,3839.99,60.0,0.25,2219.4540406591404,748.9084227245532
t150308_140242.rf.pcm.dynspec,57089.58576389127,1368.88,230.5,3839.99,60.0,0.25,1990.4319627456935,281.23496849604675
t150319_195202.rf.pcm.dynspec,57100.828472312634,1368.88,230.5,3839.98,60.0,0.25,1724.8507861700452,443.2205755336725
t150414_162511.rf.pcm.dynspec,57126.68472222347,1368.88,230.5,3839.99,60.0,0.25,1066.4056648554479,132.70662729601872
t150428_181021.rf.pcm.dynspec,57140.75775459367,1368.88,230.5,3839.98,60.0,0.25,7730.143228513456,1646.5862951736115
t150428_192312.rf.pcm.dynspec,57140.80833339867,1368.88,230.5,3839.99,60.0,0.25,9221.842551626149,2300.160625436145
t150428_203111.rf.pcm.dynspec,57140.85555553628,1368.88,230.5,3779.99,60.0,0.25,10687.675970565857,2749.698243666863
t150629_071932.rf.pcm.dynspec,57202.305787106234,1368.88,230.5,3839.99,60.0,0.25,1262.5230747907858,139.208520863229
t150803_120912.rf.pcm.dynspec,57237.50694445168,1368.88,230.5,3839.99,60.0,0.25,14970.728413143246,5527.87013673688
t150814_070152.rf.pcm.dynspec,57248.293518503975,1368.88,230.5,3839.99,60.0,0.25,15957.858726880555,3240.293956524691
t151106_023122.rf.pcm.dynspec,57332.10567131367,1369.62,229.0,3839.98,60.0,0.25,10793.003351283227,4868.21764386047
t151220_203001.rf.pcm.dynspec,57376.85474538818,1368.88,230.5,3840.0,60.0,0.25,17639.35327315749,7016.0310829006
t161106_212742.zp.dynspec,57698.894618045466,1369.0,204.25,5339.98,30.0,0.25,14431.73609376069,2608.959542784469
t161107_061813.zp.dynspec,57699.26302088756,1369.0,204.25,9459.99,30.0,0.25,19729.858246521613,5410.27847327728
t161107_213901.zp.dynspec,57699.902488508764,1369.0,204.25,6449.99,30.0,0.25,7134.962388419459,1315.6275600375648
t161108_061411.zp.dynspec,57700.26024306357,1369.0,204.25,9719.98,30.0,0.25,14371.043536281953,4029.5306055435135
t161108_211111.zp.dynspec,57700.88315981337,1369.0,204.25,6329.99,30.0,0.25,10760.505641296932,1955.0179840812054
t161109_060912.zp.dynspec,57701.256770828666,1369.0,204.25,6539.99,30.0,0.25,10657.583745691594,4962.111347887163
t161110_051122.zp.dynspec,57702.216608762006,1369.0,204.25,6149.99,30.0,0.25,15809.296049101169,6480.308351791858
t161111_222242.zp.dynspec,57703.93298613757,1369.0,204.25,3839.99,60.0,0.25,13668.077233049346,5846.50064319907
t161112_041612.zp.dynspec,57704.178298579405,1369.0,204.25,6029.99,30.0,0.25,19647.11492382325,8208.987634110475
t161113_210812.zp.dynspec,57705.881076357364,1369.0,204.25,6479.98,30.0,0.25,9560.713720932687,3533.3947957986193
t161114_025011.zp.dynspec,57706.118749911875,1369.0,204.25,3840.01,60.0,0.25,9293.88862023558,4655.868922613591
w040610_094250.rf.pcm.dynspec,53166.40520842623,1435.0,227.0,1919.99,60.0,1.0,2444.1279529219883,1101.6242943511706
w040612_092251.rf.pcm.dynspec,53168.39131948327,1435.0,227.0,1920.0,60.0,1.0,2293.6683665243045,833.6619077933788
w040625_121547.rf.pcm.dynspec,53181.51145828998,1432.5,232.0,3839.99,60.0,1.0,1080.4031222077047,129.11884033165202
w040717_071553.rf.pcm.dynspec,53203.30324077553,1435.0,227.0,1499.99,60.0,1.0,1525.1743743632308,427.17588100922006
w040724_044217.rf.pcm.dynspec,53210.19652785593,1434.5,228.0,3839.98,60.0,1.0,3324.947426244836,780.3817206019683
w040810_044538.rf.pcm.dynspec,53227.19884276688,1432.5,232.0,3839.98,60.0,1.0,3594.4606341109416,1103.1642247757197
w040831_091932.rf.pcm.dynspec,53248.389004742334,1434.5,228.0,3839.99,60.0,1.0,2580.5158622427734,591.2988048789532
w041106_003035.rf.pcm.dynspec,53315.02175937867,1415.5,188.0,3779.98,60.0,1.0,3319.8824369314075,2234.2164655427177
w050104_191836.rf.pcm.dynspec,53374.80509261017,1413.0,193.0,3839.99,60.0,1.0,6582.957544363658,2870.525279727348
w050107_210813.rf.pcm.dynspec,53377.88125008463,1413.0,193.0,3839.98,60.0,1.0,612.4863426243312,37.498845283896415
w050217_143403.rf.pcm.dynspec,53418.60752329048,1414.5,190.0,3839.99,60.0,1.0,7324.172425470075,2136.445376536131
w050323_125026.rf.pcm.dynspec,53452.535532585076,1413.5,192.0,3839.98,60.0,1.0,2177.035207015493,413.3769959767069
w050526_130814.rf.pcm.dynspec,53516.547916773176,1413.5,192.0,3839.99,60.0,1.0,466.5143134988383,42.14078805752336
